%YAML:1.0
---
K: !!opencv-matrix
   rows: 3
   cols: 3
   dt: d
   data: [ 6.2966894872954401e+02, 0., 3.1630486095477653e+02, 0.,
       6.2793936098201380e+02, 2.4481566139123564e+02, 0., 0., 1. ]
D: !!opencv-matrix
   rows: 1
   cols: 5
   dt: d
   data: [ 7.5654737505501002e-02, -9.2716272603162908e-01,
       -3.1047793983946521e-03, 3.3659874621945235e-03,
       2.8044569366005634e+00 ]
