%YAML:1.0
---
K: !!opencv-matrix
   rows: 3
   cols: 3
   dt: d
   data: [ 6.3162076413945749e+02, 0., 3.3261334727145038e+02, 0.,
       6.3260223804251359e+02, 2.4945512263042409e+02, 0., 0., 1. ]
D: !!opencv-matrix
   rows: 1
   cols: 5
   dt: d
   data: [ -1.1843063919522667e-01, 3.2124386105199112e+00,
       7.7952299926640541e-03, 8.6655238837917477e-03,
       -1.2307766696116081e+01 ]
